165
525
564
757
850
967
1196
1496
1498
1513
1609
1704
2213
2366
2414
2442
2455
2485
3397
3457
3524
3724
3999
4058
4115
4233
4368
4630
4667
4703
4956
5193
5273
5764
5795
5889
5978
6110
6173
6193
6351
6481
7066
7204
7225
7726
7883
8026
8045
8125
8216
8218
8236
8260
8345
8348
8383
8956
8988
9143
9197
9556
9573
9574
9649
9791
9941
9942
9943
10972
11025
11203
11535
11668
11791
11810
11858
11902
12184
12265
12470
12472
12697
13252
13357
13480
13529
13661
13768
14123
14191
14434
14479
14586
14891
15083
15203
15409
15564
15862
16071
16220
16669
16698
16911
16927
17117
17263
17380
17403
17535
17797
